3.0000 3.1643
4.0000 3.1630
5.0000 3.1636
6.0000 3.1674
7.0000 3.1750
8.0000 3.1869
9.0000 3.2029
10.000 3.2229
11.000 3.2466
12.000 3.2738
13.000 3.3041
14.000 3.3370
15.000 3.3722
16.000 3.4090
17.000 3.4470
18.000 3.4853
19.000 3.5233
20.000 3.5605
21.000 3.5962
22.000 3.6301
23.000 3.6617
24.000 3.6911
25.000 3.7181
26.000 3.7427
27.000 3.7651
28.000 3.7855
29.000 3.8039
30.000 3.8207
31.000 3.8358
32.000 3.8496
33.000 3.8621
34.000 3.8736
35.000 3.8840
36.000 3.8935
37.000 3.9023
38.000 3.9104
39.000 3.9179
40.000 3.9248
41.000 3.9312
42.000 3.9372
43.000 3.9427
44.000 3.9480
45.000 3.9529
46.000 3.9575
47.000 3.9619
48.000 3.9661
49.000 3.9700
50.000 3.9738
51.000 3.9774
52.000 3.9808
53.000 3.9842
54.000 3.9873
55.000 3.9904
56.000 3.9934
57.000 3.9963
58.000 3.9992
59.000 4.0020
60.000 4.0047
61.000 4.0073
62.000 4.0099
63.000 4.0125
64.000 4.0150
65.000 4.0175
66.000 4.0200
67.000 4.0225
68.000 4.0249
69.000 4.0273
70.000 4.0297
71.000 4.0321
72.000 4.0345
73.000 4.0369
74.000 4.0393
75.000 4.0417
76.000 4.0441
77.000 4.0466
78.000 4.0490
79.000 4.0514
80.000 4.0539
81.000 4.0563
82.000 4.0588
83.000 4.0613
84.000 4.0638
85.000 4.0663
86.000 4.0689
87.000 4.0714
88.000 4.0740
89.000 4.0766
90.000 4.0793
91.000 4.0819
92.000 4.0846
93.000 4.0873
94.000 4.0900
95.000 4.0928
96.000 4.0956
97.000 4.0984
98.000 4.1012
99.000 4.1041
100.00 4.1070
101.00 4.1099
102.00 4.1129
103.00 4.1159
104.00 4.1189
105.00 4.1219
106.00 4.1250
107.00 4.1281
108.00 4.1313
109.00 4.1345
110.00 4.1377
111.00 4.1409
112.00 4.1442
113.00 4.1475
114.00 4.1508
115.00 4.1542
116.00 4.1576
117.00 4.1611
118.00 4.1646
119.00 4.1681
120.00 4.1716
121.00 4.1752
122.00 4.1788
123.00 4.1825
124.00 4.1862
125.00 4.1899
126.00 4.1936
127.00 4.1974
128.00 4.2013
129.00 4.2051
130.00 4.2090
131.00 4.2130
132.00 4.2169
133.00 4.2209
134.00 4.2250
135.00 4.2291
136.00 4.2332
137.00 4.2373
138.00 4.2415
139.00 4.2457
140.00 4.2500
141.00 4.2543
142.00 4.2586
143.00 4.2629
144.00 4.2673
145.00 4.2718
146.00 4.2762
147.00 4.2807
148.00 4.2853
149.00 4.2898
150.00 4.2945
151.00 4.2991
152.00 4.3038
153.00 4.3085
154.00 4.3132
155.00 4.3180
156.00 4.3228
157.00 4.3277
158.00 4.3326
159.00 4.3375
160.00 4.3425
161.00 4.3475
162.00 4.3525
163.00 4.3575
164.00 4.3626
165.00 4.3678
166.00 4.3729
167.00 4.3781
168.00 4.3834
169.00 4.3886
170.00 4.3939
171.00 4.3993
172.00 4.4046
173.00 4.4100
174.00 4.4155
175.00 4.4209
176.00 4.4264
177.00 4.4320
178.00 4.4375
179.00 4.4431
180.00 4.4487
181.00 4.4544
182.00 4.4601
183.00 4.4658
184.00 4.4716
185.00 4.4774
186.00 4.4832
187.00 4.4891
188.00 4.4949
189.00 4.5009
190.00 4.5068
191.00 4.5128
192.00 4.5188
193.00 4.5248
194.00 4.5309
195.00 4.5370
196.00 4.5431
197.00 4.5493
198.00 4.5555
199.00 4.5617
200.00 4.5679
201.00 4.5742
202.00 4.5805
203.00 4.5868
204.00 4.5932
205.00 4.5996
206.00 4.6060
207.00 4.6124
208.00 4.6189
209.00 4.6254
210.00 4.6319
211.00 4.6384
212.00 4.6450
213.00 4.6516
214.00 4.6582
215.00 4.6649
216.00 4.6715
217.00 4.6782
218.00 4.6850
219.00 4.6917
220.00 4.6985
221.00 4.7052
222.00 4.7121
223.00 4.7189
224.00 4.7257
225.00 4.7326
226.00 4.7395
227.00 4.7464
228.00 4.7534
229.00 4.7603
230.00 4.7673
231.00 4.7743
232.00 4.7813
233.00 4.7884
234.00 4.7954
235.00 4.8025
236.00 4.8096
237.00 4.8167
238.00 4.8238
239.00 4.8309
240.00 4.8381
241.00 4.8452
242.00 4.8524
243.00 4.8596
244.00 4.8668
245.00 4.8740
246.00 4.8813
247.00 4.8885
248.00 4.8958
249.00 4.9031
250.00 4.9103
251.00 4.9176
252.00 4.9249
253.00 4.9322
254.00 4.9395
255.00 4.9469
256.00 4.9542
257.00 4.9615
258.00 4.9689
259.00 4.9762
260.00 4.9836
261.00 4.9910
262.00 4.9983
263.00 5.0057
264.00 5.0131
265.00 5.0205
266.00 5.0278
267.00 5.0352
268.00 5.0426
269.00 5.0500
270.00 5.0574
271.00 5.0648
272.00 5.0722
273.00 5.0796
274.00 5.0869
275.00 5.0943
276.00 5.1017
277.00 5.1091
278.00 5.1165
279.00 5.1238
280.00 5.1312
281.00 5.1386
282.00 5.1459
283.00 5.1533
284.00 5.1606
285.00 5.1679
286.00 5.1753
287.00 5.1826
288.00 5.1899
289.00 5.1972
290.00 5.2045
291.00 5.2118
292.00 5.2191
293.00 5.2264
294.00 5.2336
295.00 5.2409
296.00 5.2481
297.00 5.2553
298.00 5.2625
299.00 5.2697
300.00 5.2769
